Seconde partie. xxv

nombre de 1001100, 0001 00101 01οΝ001000, 001Πο001οἰ 010110100; 11011 10 0011-
1100100 1100 supplices du 1001000.

Le 0101100000001 000 000 00100100011010. La boucha (10 1001000 000000 (100
000100000010, 100 0000110110 0’00 0000001001, 00100 00100000 00001010100·
phylie, Ardiaios, 001 mille 000 00000000010 101 000 0100 01 00010100. Des
hommes de 110 100 0000000001, 00101000011010000, 1010010001000 100 010010, 000
10 1110, 0001001 00 0001100 10101001 (10 000000,0110001010110010100010 Tartaro:
(1011 0001000οο ohargo de 1000100 000100 10 tyrannio.

(1000001001 0001 jour· 00 0000001. Les 10000 0001001 de 10 0001010, 0000010001
000100 joun, 00001001 01, 0000000οε 00 00101 10 0100 11001, 01110 001001100-
semble du mondo. 11000001 jours do 10 0001010 00011010000 0000001 00100
101000; 100 000100 jours do 00010100, 10 temps 0010100.

seconde 80011001).

81000100 du corps, 100 10000 10100101001110000000101 0100 00000001010000
0100 0111000100. (1010011000011010010, 01100 001001 dono d’abord 000 10001100 001
1101110 00 10110010 1111100, ferme 0000000 000 0010000, 0100 1001110010 010100 pure
0001000000101, 01 001 descend du 0101 00 1000ος 000000010010000 11000 101-
01000, 0110 1010001 01 000010000 10 mondo.

Quelle 00100110 1001100110001 10010110 001 0000000110, 0110 001 (1000010
commo 0000010000 00000 000110 000110011001. Porphyreon 01011 10 01110010
de 11000 du monde. (1001 0000010000, mais 00 0’001 00101 1000110 monde qui
001 01001 01110000 01 0010000001 0000001.

(1001, 0111110100, 10010000 100000011οο 01000 001100, 00000 010110 00 0100
10001 du 0101 1 100100. ,

Enfin 0’001, dit encore 110100, 10 0000001110 11000101, 10 00100 0100Ρο00000,
00110 0000001110 01 00 001010 0001 de diamant, 10100000 00100 00110000.

(10110 0000001110 001 1000 du 0101 1000101000100 doux 01100, 0110100000
000110011οε 00101000 01100100 000001100 1000000 dans 100 001000. ’

1000101 01001 000 10 00011100 0000011000 qu'on 0000110 10 00100 des dioux;
00 0’001 000 1010101111 (εἱμαρμένη). Ello n'engondro 000 1001, mais 0110 000-ε
1100000 1001. (100110 00100 (100 10010 Ρο00000, 10 principe des (11000 0001010000
1 10010 001000 intelligente, 0110110101100 100 0100 0100001001 00 0’001000 00
01100. Η10100101000011οΤ1010010,10100110000001000, 001 0001011001 1001100 du ’
mond03 01 0’001 01001 000 Platon 110001 111110(10100100111000110010000 001100.

si 10 0000001110 01 00 0010100001 de (11000001, 0010 010110 0001000 01000010
divin. 1101001 00 00001 001000 (100 000100 001 001 10000 du monde. Axe 01
01100 0001 (10 diamant pareo qu’ils 0001 10010000 1000010000 011011000101100.

Ι) Nous n’abordons qu’ 0000 (11110000 01 0000 01000000 (100001 100 10100001100 00101000
0001010 100 100100 10001000100000110110100 01 0100 0000110010.
01 do Ρο00100, 00110 11000000 10000 inclinor

1100. v. Ρο11000, fol. P.

 

