Seconde 666616. xxlx

Aller 6666 Atropos, dont 16 6666661616 6166166616 166666, 6’666 161 6661166
16 fil de 16616 661 66666 666 666 (161666. ’

En 66666, 6’ 666 6’ 66666166 666 1616 (16 monde 666666666666 66616 66666
(16166666, 66166166661616. ·

11666166 166 6666 66666666 6661616 6666 666666 6161666666 661666666666,
66 666 66 66616 16 Lethe (1111666 (16 16 6661616 6666666666; il 666 (1666 166 1666-
66666; 6’666 16 6661666 66166, 6666116, 66166166 eracles.

Le 6616 6666, 66 (166666 (166 6666666616 66666 (16116666 (16166611, 66 chaque
666 66166666 oublier 16 66666. Le 6616 66616 66666 (16 1666 (1666 16 616; 16
66666 6’666 16 66666; 16 116666 (166611 666 166666666666666666 (1616 616; 66166
16 11666, 6’666 16 1166 (166 6616666666.

8616 66 666661166 611166 (16166616, un coup (16 66666666, 66 66666166666
(16 66666, 66166 omes 6666666 66666666 666666 (1666 166666 (16 16 616.

Le eommeil, 6’66616116666666 (1666661666 66666166666, 616616 1666666166 666-
61666 (16 16 616.

Le tonnerre 666 16 (16666666 (16 6161 661 666 (16 Jupiter. Le 66666166666 (16
66666 figure 16661666 (1666 1666166 (16 Neptune ou 16 6661166666166 (161666616
6666161666 (16 monde.

Lee 6616666666 6666 66666666 61616 (16661166.

Er 166 666666 (16 116666 (16 166611, (166666 6661666 66 66666666 oe qu'il 6 66,
(1666116666 61116666 (16 6666666 16 6661166.

Socrate 66166666 6 16666616 16116666 (166611, 661 666 66666 66666 6666666166,
66616666 66666 666 (166 66661666, 66616616 6666166666 66 6666616116 666 16
66666 (166 omes, 6666116 666 16 6616666166 666 16 6666666666666 (166 66661666
66666166666, 166666 (166616 661666666.

Apros 666 graves 66661661666166, 66 666616666, 6661666666 questions redou·
666166 6611666 6666666 6666616 66 qu'il 666616 66 6616 (16666666661616666,
161666166666, 1611666 6661666, 16 666666166; 666 6666 66666161166666, 116666

16 (16666666 666666666666 11666 66616 choix (166 6166, 1166616 66666, libres

ΘΠ11161610186661668666666 6661616661166 666 66666666 periodos du monde, 6666 qu’elle

6616 66 (1166, 66611 66 (166 6666666666 6666661666, 66 qui 6’666 666 (11616; 66
6’666 666666 6166 1666 (16 monde, 666 66666666 666 un (1166. La incolite 66-
66661666 616 666666 (16 1666, comme 666 organo 66 666 66616616; 666 66666
1166666 66 6616 61616666666616 fetum ou 16 6666166666, 116666 16 66661666.
Meis 1166666 666 61161166666 661666 6666616 choix (16 16 616, 16 choix 1616,
elle 66666 6666 1666166 (1616666666166, 11666 6666661616 (16 666666 (1666 66 6666
meilleur 66 6166 661666666116166,(6666 66666 6666166 66616 1666166666
6 66 666 16 661 6666666 (161666, 6666166661 6116166666 66666 666666, 6666 666·
e minens 161 16 commentaire de 1616616».

06 66616 666 116666 6661616 66 (16661661166166 6116116666 (1616 1666611666
6666 666666666166 (166661666 8666616666 (1666116661 (1666666 66666666 66166
16 justice universelle. 06 6666 666166 666 1666166 66666666 pour 16 fin de 66

 

