GERMANICAE

Editionis collatio 9991119119.

14991. 1, 845 14991. 208, 86 882 41191. 144, 78126
1,10 46 104, 82 88 145, 6 127
2, 28 47 105, 27 84 145, 89 128
3, 89 48 106, 80 85 147 1
49 9 9999 ms
5, 27 50 108, 20 87 149,1 15
6, 27 51 109, 27 88 149, 24 16
zm Μ lQffl ffl lffiffi Π
999 9199 9919
mom 9919 9919
mm 9 9ᾙ99 99 m
11, 18 50 118, 27 93 1549 21
19,99 91 114,99 91 199, 9 99
mm 9 99 9 99 9
9999 9999 99 9
me 9 9199 mm 9
9991 9499 mm 9
17,2 62 118, 81 99 159-171 vacat
17,10 68 120, 20 100 172,17 20,19
18, 8 64, v111. 121,18 101 172, 82 27
19 9919 9Μ19

vacat

9 mn amem 99 9
99 9 9919 umam
22-29 vacat 125, 10 105 176, 11 81
9 9 9919 1999
9 mmm 9919 9ω99
9 9ῃ99 99 9

of. p. 257

88 15

99 9 9919 1999
99, 5 99 199,99 111 191,99 91
9999 9999 ffiwlae
mmmffima 9999 99 9
99 99 9919 mv 9
9911 9999 99 9
9119 9999 9μ 9
99 9 9919 mm 99
9114 9999 9Λ19
9119 9199 9919
9919 9199 “ 9919
9911 9991 9919
99 9 9Λ19 9ω99
100, 84 79 141, 4 128 11119 usquo 8 etc„
99 9 9919

9991 9999

9919 199

...Νη-η.. *μιν* ι w·-

 

